4294967279,50
4294967279,48
4294967279,47
4294967279,45
4294967279,42
4294967279,40
4294967279,39
4294967279,38
4294967279,35
4294967279,33
4294967279,32
4294967279,31
4294967279,29
4294967279,27
4294967279,26
4294967279,24
4294967279,23
4294967279,21
4294967279,18
4294967279,16
4294967279,15
4294967279,13
4294967279,11
4294967279,10
4294967279,9
4294967294,14
4294967294,127
4294967294,126
4294967294,20
4294967294,13
4294967294,119
4294967294,185
4294967294,182
4294967294,173
4294967294,170
4294967294,1035
4294967294,1031
4294967294,163
4294967294,190
4294967294,1032
4294967294,61
4294967294,1693
4294967294,160
4294967294,36
4294967294,387
4294967294,388
4294967294,165
4294967294,113
4294967294,168
4294967294,167
4294967294,162
4294967294,177
4294967294,81
4294967294,1045
4294967294,68
4294967294,12
4294967294,11
4294967294,104
4294967294,106
4294967294,166
4294967294,175
4294967294,183
4294967294,176
4294967294,1418
4294967294,99
4294967294,76
4294967294,41
4294967294,43
4294967294,1180
4294967294,51
4294967294,420
4294967294,1
4294967294,82
4294967294,1419
4294967294,83
4294967278,321
4294967278,320
4294967294,6
4294967278,132
4294967278,131
4294967278,130
4294967278,129
4294967278,128
4294967278,127
4294967278,126
4294967278,125
4294967278,124
4294967278,123
4294967278,122
4294967278,121
4294967278,120
4294967278,119
4294967278,118
4294967278,117
4294967278,116
4294967278,115
4294967278,114
4294967278,113
4294967278,112
4294967278,110
4294967278,109
4294967278,108
4294967278,107
4294967278,106
4294967278,105
4294967278,103
4294967278,102
4294967278,101
4294967278,100
4294967278,99
4294967278,98
4294967278,97
4294967278,96
4294967278,95
4294967278,430
4294967278,94
4294967278,429
4294967278,93
4294967278,92
4294967278,428
4294967278,91
4294967278,90
4294967278,427
4294967278,89
4294967278,87
4294967278,86
4294967278,85
4294967278,84
4294967278,83
4294967278,316
4294967278,82
4294967278,81
4294967278,314
4294967278,80
4294967278,79
4294967278,78
4294967278,77
4294967278,76
4294967278,75
4294967278,422
4294967278,74
4294967278,73
4294967278,520
4294967278,72
4294967278,71
4294967278,382
4294967278,70
4294967278,347
4294967278,69
4294967278,68
4294967278,519
4294967278,67
4294967278,66
4294967278,0
4294967278,348
4294967278,65
4294967278,64
4294967278,63
4294967279,420
4294967279,437
4294967279,84
4294967279,449
4294967279,82
4294967279,79
4294967279,78
4294967279,76
4294967279,72
4294967279,479
4294967279,69
4294967279,67
4294967279,66
4294967279,64
4294967279,413
4294967279,452
4294967279,60
4294967279,57
4294967279,56
4294967279,308
4294967279,51
4294967279,49
4294967279,46
4294967279,157
4294967279,44
4294967279,299
4294967279,43
4294967279,41
4294967279,37
4294967279,36
4294967279,395
4294967279,34
4294967279,30
4294967279,28
4294967279,25
4294967279,22
4294967279,393
4294967279,20
4294967279,283
4294967279,19
4294967279,289
4294967279,17
4294967279,0
4294967279,260
4294967279,14
4294967279,12
4294967279,8
4294967279,7
4294967279,476
4294967279,6
4294967279,406
4294967279,5
4294967279,465
4294967279,4
4294967278,234
4294967278,111
4294967278,233
4294967278,230
4294967278,228
4294967278,226
4294967278,224
4294967278,222
4294967294,22
4294967294,0
4294967294,9
4294967294,424
4294967294,90
4294967294,87
4294967294,1184
4294967294,130
4294967294,28
4294967294,1197
4294967294,27
4294967294,84
4294967294,96
4294967294,94
4294967278,217
4294967278,361
0,5
4294967278,220
4294967294,7
4294967278,104
4294967278,219
4294967294,5
4294967294,8
4294967294,93
4294967294,95
4294967294,17
4294967294,67
4294967294,394
4294967294,24
4294967294,25
4294967294,1152
4294967294,26
4294967294,37
4294967294,42
4294967294,39
4294967294,52
4294967294,1592
4294967294,393
4294967294,46
4294967294,45
4294967294,390
4294967294,2
4294967294,120
4294967294,115
4294967279,483
25,5
25,4
25,3
25,2
25,1
24,5
24,4
24,3
24,2
24,1
4294967279,482
19,6
4294967294,1695
19,5
19,4
19,3
19,2
19,1
18,5
18,4
18,3
18,2
18,1
17,4
17,3
17,2
17,1
4294967294,1694
16,5
16,4
16,3
16,2
16,1
15,4
15,3
15,2
15,1
4294967279,477
4294967279,401
4294967294,1667
4294967278,524
4294967293,131
4294967293,130
4294967293,129
4294967293,128
4294967293,127
4294967293,126
4294967293,125
4294967293,124
4294967293,123
4294967293,122
